4.899999999999999
4.900877154848451
4.903507620879032
4.907888407901826
4.914014550047374
4.921879132202231
4.931473326554028
4.942786438793926
4.955805963412666
4.970517647426829
4.986905561786607
5.004952179646487
5.024638460626607
5.045943940155708
5.068846822966542
5.0933240798104515
5.119351546469052
5.146904024166124
5.175955380520269
5.20647865022721
5.238446134717669
5.271829500100784
5.306599872772214
5.342727932138328
5.380183999981945
5.418938126068872
5.45896016966716
5.500219876720902
5.542686952486939
5.586331129505021
5.631122230829232
5.6770302285005885
5.724025297287214
5.77207786375947
5.821158650802819
5.871238717701268
5.922289495949093
5.974282820968594
6.027190959927186
6.080986635858581
6.135643048300514
6.191133890665952
6.247433364566205
6.30451619130348
6.362357620747181
6.420933437803551
6.480219966681775
6.540194073152193
6.6008331649839445
6.662115190740134
6.724018637099298
6.786522524861939
6.849606403791164
6.913250346426433
6.9774349409997365
7.042141283573863
7.107350969513257
7.173046084388894
7.2392091944101775
7.305823336468581
7.3728720078701935
7.4403391558269325
7.508209166769457
7.576466855538449
7.645097454504911
7.714086602664761
7.783420334747812
7.853085070376593
7.92306760330618
7.993355090772156
8.063935042970428
8.134795312689048
8.20592408510951
8.277309867792063
8.348941480857269
8.420808047373805
8.492898983960469
8.565203991608707
8.637713046730283
8.71041639243337
8.783304530029076
8.856368210769325
8.929598427816032
9.002986408440671
9.076523606452612
9.150201694853935
9.224012558717877
9.29794828828763
9.372001172291789
9.446163691472421
9.520428512321386
9.594788481020496
9.669236617580687
9.743766110175407
9.8183703096633
9.893042724295098
9.967777014599768
10.042566988444756
10.117406596265289
10.19228992645777
10.267211200932165
10.342164770818522
10.417145112322741
10.492146822726761
10.567164616528519
10.642193321717048
10.717227876178187
10.792263324226532
10.867294813259257
10.942317590527745
11.017327000022819
11.092318479469691
11.167287557428713
11.242229850498306
11.317141060616306
11.392016972456302
11.466853450915579
11.541646438691282
11.61639195394175
11.691086088029817
11.7657250033452
11.840304931203052
11.914822169815947
11.989273082336572
12.063654094968614
12.13796169514328
12.212192429759105
12.286342903482703
12.360409777108284
12.434389765973705
12.508279638431052
12.582076214369772
12.65577636379033
12.729377005426741
12.802875105415943
12.876267676012546
12.949551774347142
13.022724501226644
13.095782999975176
13.168724455313939
13.241546092278762
13.314245175173857
13.386819006560577
13.459264926279854
13.531580310507115
13.603762570838525
13.675809153407444
13.747717538029955
13.819485237378542
13.891109796182807
13.962588790456312
14.033919826748638
14.105100541421722
14.176128599949687
14.247001696241256
14.317717551984048
14.38827391600987
14.458668563680455
14.528899296292717
14.59896394050305
14.668860347769844
14.7385863938137
14.80813997809473
14.87751902330627
14.946721474884532
15.015745300533613
15.084588489765366
15.153249053453584
15.221725023402053
15.290014451926007
15.358115411446477
15.426025994097209
15.493744311343619
15.561268493613461
15.62859668993878
15.695727067608782
15.762657811833312
15.82938712541648
15.895913228440223
15.962234357957389
16.02834876769412
16.094254727761097
16.15995052437353
16.22543445957949
16.290704850996296
16.355760031554855
16.420598349251506
16.485218166907277
16.549617861934227
16.61379582610868
16.67775046535119
16.741480199512896
16.804983462168202
16.86825870041348
16.931304374671686
16.994118958502632
17.05670093841884
17.11904881370665
17.181161096252602
17.24303631037479
17.304672992659082
17.36606969180008
17.42722496844668
17.488137395051986
17.54880555572762
17.60922804610213
17.669403473183536
17.729330455225657
17.7890076215984
17.848433612661662
17.9076070796428
17.966526684517632
18.025191099894766
18.08359900890325
18.141749105083324
18.199640092280358
18.2572706845417
18.314639606016463
18.37174559085813
18.428587383129905
18.485163736712718
18.541473415215812
18.597515191889826
18.653287849542338
18.708790180455765
18.76402098630756
18.818979078092617
18.87366327604792
18.928072409579176
18.982205317189624
19.03606084641075
19.089637853734967
19.142935204550167
19.195951773076086
19.248686442302454
19.30113810392892
19.353305658306525
19.405188014380943
19.456784089637207
19.508092810046058
19.559113110011694
19.609843932321073
19.66028422809456
19.710432956737982
19.760289085896016
19.809851591406893
19.85911945725832
19.908091675544696
19.956767246425482
20.005145178084756
20.053224486691875
20.101004196363288
20.148483339125352
20.195660954878264
20.24253609136095
20.28910780411698
20.335375156461392
20.381337219448543
20.426993071840744
20.472341800077892
20.517382498247883
20.562114268057933
20.606536218806635
20.65064746735686
20.694447138109435
20.73793436297755
20.781108281361885
20.823968040126456
20.86651279357519
20.908741703429126
20.950653938804273
20.99224867619016
21.03352509942891
21.074482399695025
21.11511977547566
21.15543643255158
21.195431583978532
21.235104450069304
21.274454258376192
21.313480243674075
21.352181647943894
21.390557720356714
21.428607717258185
21.466330902153498
21.50372654569278
21.540793925656917
21.57753232694382
21.613941041555087
21.650019368583056
21.685766614198286
21.721182091637377
21.756265121191202
21.79101503019341
21.825431153009426
21.859512831025647
21.893259412639054
21.926670253247107
21.959744715237974
21.992482167981052
22.024881987817807
22.056943558052836
22.088666268945335
22.120049517700657
22.151092708462336
22.181795252304212
22.212156567222888
22.2421760781304
22.271853216847134
22.301187422094955
22.330178139490595
22.35882482153922
22.387126927628234
22.41508392402127
22.4426952838524
22.469960487120503
22.496879020683878
22.523450378254964
22.549674060395333
22.575549574510738
22.601076434846444
22.62625416248264
22.65108228533004
22.67556033812563
22.69968786242859
22.7234644066163
22.746889525880558
22.76996278222386
22.79268374445589
22.815051988190046
22.837067095840194
22.85872865661745
22.880036266527124
22.900989528365773
22.92158805171836
22.9418314529555
22.96171935523086
22.98125138847856
23.00042718941083
23.019246401515563
23.03770867505412
23.055813667059155
23.073561041332507
23.09095046844322
23.107981625725603
23.124654197277394
23.140967873957994
23.15692235338674
23.1725173399413
23.187752544756112
23.202627685720834
23.217142487478974
23.23129668142648
23.245090005710402
23.258522205227685
23.271593031623915
23.284302243292178
23.296649605371975
23.308634889748152
23.32025787504989
23.331518346649773
23.34241609666284
23.352950923945745
23.363122634095898
23.37293103945071
23.382375959086815
23.391457218819365
23.40017465120137
23.408528095523042
23.416517397811187
23.424142410828647
23.43140299407375
23.4382990137798
23.444830342914614
23.450996861180045
23.45679845501158
23.46223501757795
23.46730644878075
23.472012655254115
23.476353550364387
23.480329054209843
23.48393909362043
23.48718360215751
23.490062520113668
23.49257579451248
23.49472337910838
23.4965052343865
23.49792132756254
23.498971632582663
23.4996561301234
23.499974807591634
23.499927659124502
23.499514685589418
23.49873589458405
23.497591300436373
23.49608092420467
23.494204793677657
23.491962943374517
23.489355414545038
23.486382255169744
23.48304351996004
23.4793392703584
23.47526957453855
23.4708345074057
23.466034150596805
23.46086859248081
23.45533792815895
23.449442259465098
23.44318169496606
23.43655634996201
23.42956634648684
23.422211813308607
23.41449288592999
23.40640970658879
23.3979624242584
23.38915119464842
23.37997618020518
23.370437550112396
23.360535480291787
23.350270153403784
23.339641758848224
23.328650492765153
23.317296558035586
23.30558016428234
23.293501527870976
23.281060871910643
23.26825842625511
23.255094427503764
23.241569119002666
23.227682750845677
23.213435579875622
23.198827869685502
23.183859890619786
23.16853191977573
23.15284424100479
23.136797144914034
23.120390928867693
23.10362589698874
23.086502360160527
23.069020636028508
23.051181049002032
23.03298393025621
23.014429617733864
22.995518456147533
22.9762507969816
22.95662699849447
22.93664742572085
22.916312450474123
22.895622451348817
22.874577813723143
22.853178929761693
22.831426198418164
22.809320025438257
22.786860823362645
22.764049011530076
22.740885016080576
22.71736926995877
22.69350221291739
22.66928429152077
22.64471595914866
22.619797676000005
22.594529909096998
22.568913132289158
22.542947826257677
22.516634478519826
22.48997358343357
22.462965642202338
22.435611162879937
22.407910660375673
22.379864656459645
22.35147367976818
22.32273826580954
22.293658956969725
22.26423630251855
22.234470858615918
22.204363188318272
22.173913861585277
22.14312345528677
22.111992553209873
22.080521746066392
22.04871163150046
22.01656281409639
21.984075905386838
21.951251523861213
21.91809029497433
21.884592851155418
21.850759831817346
21.81659188336616
21.782089659211007
21.7472538197742
21.71208503250185
21.676583971874567
21.640751319418733
21.604587763717966
21.568094000425045
21.531270732274155
21.494118669093513
21.456638527818427
21.418831032504745
21.380696914342657
21.34223691167104
21.303451769992144
21.264342241986732
21.2249090875298
21.185153073706584
21.14507497482923
21.104675572453864
21.063955655398217
21.02291601975977
20.981557468934444
20.939880813635856
20.89788687191515
20.855576469181415
20.81295043822271
20.770009619227725
20.726754859808068
20.68318701502122
20.639306947394164
20.595115526947744
20.55061363122165
20.505802145300265
20.46068196183915
20.41525398109238
20.369519110940658
20.323478266920223
20.27713237225265
20.230482357875484
20.183529162473768
20.13627373251247
20.08871702226992
20.0408599938721
19.992703617328065
19.944248870566227
19.895496739471852
19.84644821792552
19.797104307842734
19.74746601921467
19.697534370150134
19.647310386918626
19.596795103994754
19.545989564103884
19.494894818269056
19.44351192585932
19.391841954639396
19.339885980820796
19.287645089114445
19.235120372784703
19.182312933705035
19.12922388241526
19.075854338180402
19.02220542905126
18.96827829192674
18.91407407261788
18.859593925913845
18.80483901564971
18.74981051477621
18.694509605431584
18.638937479015315
18.583095336264144
18.52698438733021
18.470605851861418
18.413960959084147
18.357050947888364
18.29987706691513
18.24244057464672
18.18474273949924
18.126784839918017
18.068568164475714
18.01009401197327
17.951363691543786
17.89237852275944
17.833139835741502
17.773648971273516
17.713907280917837
17.65391612713555
17.593676883409856
17.533190934373117
17.47245967593762
17.41148451543014
17.350266871730494
17.28880817541416
17.227109868899113
17.165173406596995
17.1030002550687
17.040591893184708
16.977949812290014
16.915075516374092
16.851970522245853
16.788636359713827
16.725074571771835
16.661286714790034
16.59727435871188
16.533039087256984
16.468582498129965
16.40390620323576
16.33901182890139
16.273901016104478
16.20857542070868
16.143036713706348
16.077286581468563
16.0113267260029
15.94515886521897
15.878784733202306
15.812206080496575
15.745424674394584
15.678442299238236
15.611260756727958
15.543881866241556
15.47630746516326
15.408539409222904
15.34057957284584
15.27242984951387
15.204092152137559
15.135568413440291
15.066860586354673
14.997970644431327
14.928900582260932
14.859652415909679
14.790228183368718
14.720629945018098
14.65085978410564
14.580919807241326
14.510812144907815
14.440538951987428
14.370102408306497
14.299504719197431
14.22874811607931
14.15783485705751
14.086767227543307
14.015547540893776
13.944178139073193
13.872661393336228
13.800999704934217
13.729195505844928
13.657251259526953
13.585169461699449
13.51295264114839
13.44060336055996
13.36812421738247
13.295517844717585
13.222786912242007
13.149934127160856
13.076962235193776
13.003874021595067
12.930672312209198
12.857359974562737
12.78393991899448
12.710415099824813
12.636788516566119
12.563063215175475
12.489242289351498
12.415328881876823
12.341326186008056
12.267237446914889
12.19306596317043
12.118815088294367
12.044488232351378
11.970088863606481
11.895620510239869
11.821086762123098
11.746491272659297
11.67183776068961
11.597130012468472
11.522371883710314
11.447567301710352
11.372720267542295
11.297834858335948
11.222915229637426
11.147965617855535
11.072990342797041
10.997993810294542
10.92298051493007
10.847955042858283
10.77292207473247
10.697886388737649
10.622852863734106
10.547826482515845
10.472812335187733
10.397815622665663
10.322841660304057
10.247895881655278
10.172983842365122
10.098111224209482
10.02328383927656
9.94850763429963
9.873788695145132
9.799133251461113
9.724547681491009
9.650038517057823
9.575612448723625
9.501276331129748
9.427037188522359
9.352902220468705
9.278878807768725
9.204974518567067
9.13119711466995
9.057554558071525
8.984055017693917
8.910706876344872
8.837518737896623
8.764499434689272
8.691658035161158
8.61900385170861
8.54654644877627
8.474295651178945
8.402261552654563
8.33045452464721
8.258885225317876
8.18756460877927
8.116503934549666
8.045714777219157
7.975209036319662
7.9049989463883685
7.835097087211568
7.765516394233814
7.696270169114181
7.627372090408515
7.558836224353305
7.4906770357228165
7.422909398727382
7.355548607916254
7.288610389043502
7.222110909850511
7.156066790712748
7.090495115092613
7.025413439733723
6.9608398045248006
6.896792741954352
6.833291286069099
6.770354980841139
6.7080038878401185
6.646258593097489
6.585140213040861
6.524670399366512
6.464871342708555
6.405765774953215
6.347376970036799
6.289728743056208
6.232845447511414
6.1767519704903995
6.1214737255988965
6.067036643429946
6.0134671593624205
5.960792198473098
5.90903915734434
5.858235882549083
5.80841064559707
5.759592114131498
5.711809319173919
5.6650916182277244
5.619468654067106
5.574970309059816
5.531626654898054
5.489467897643358
5.448524318028096
5.408826206998656
5.3704037965333
5.333287185821169
5.2975062629474445
5.263090622293098
5.230069477925107
5.198471573323732
5.168325087866593
5.139657540563184
5.112495691607294
5.086865442386387
5.062791734655059
5.040298449642065
5.0194083079154375
5.000142770875876
4.982521944783037
4.966564488241113
4.952287524077339
4.9397065565390506
4.928835394710453
4.919686083009038
4.912268839563904
4.906592003203998
4.902661989695336
4.900483257763273
4.900058285321475
4.901387556205274
4.904469557576562
4.90930078803299
4.915875776319161
4.924187110404676
4.9342254765664535
4.9459797079933585
4.959436842322366
4.974582187419563
4.991399394637681
5.009870538716165
5.029976203440427
5.051695572144497
5.075006522125288
5.099885722036721
5.126308731346829
5.154250100969489
5.1836834742228275
5.214581687317151
5.246916868634181
5.280660536125086
5.315783692224694
5.35225691575245
5.3900504503445505
5.429134289035453
5.469478254678989
5.511052075968415
5.55382545888027
5.597768153427754
5.642850015665482
5.68904106493796
5.736311536409316
5.784631928951313
5.833973048500671
5.8843060470254605
5.935602457263821
5.987834223417263
6.040973727995121
6.094993815017278
6.149867809789029
6.205569535465713
6.262073326625483
6.31935404006715
6.377387063046318
6.436148319157885
6.49561427206619
6.555761927276379
6.61656883213203
6.678013074214682
6.7400732783115735
6.802728602107796
6.86595873074933
6.929743870413458
6.994064741013335
7.0589025681540365
7.124239074448165
7.190056470290256
7.256337444180792
7.323065152682585
7.390223210084712
7.457795677842017
7.525767053851494
7.594122261620635
7.662846639377007
7.731925929162898
7.801346265953932
7.871094166835973
7.941156520270352
8.011520575473716
8.082173931935197
8.153104529090374
8.224300636168705
8.295750842228356
8.36744404639005
8.43936944827937
8.511516538685115
8.583875090439438
8.65643514952414
8.729187026406047
8.802121287603072
8.875228747481795
8.948500460286136
9.021927712396044
9.095502014814514
9.169215095880281
9.243058894203417
9.317025551820361
9.39110740756454
9.465296990648552
9.53958701445349
9.613970370520821
9.68844012274212
9.762989501741698
9.837611899447271
9.91230086384356
9.987050093903738
10.061853434693795
10.13670487264458
10.211598530986686
10.286528665343015
10.361489659474213
10.436476021172176
10.511482378296645
10.586503474950492
10.66153416778888
10.736569422457949
10.811604310158552
10.886634004330901
10.961653777455808
11.0366589979686
11.111645127281701
11.186607716912068
11.261542405709823
11.336444917184448
11.411311056925019
11.486136710111204
11.560917839111724
11.63565048116704
11.710330746153375
11.784954814424966
11.859518934731835
11.934019422210238
12.008452656443174
12.082815079588437
12.157103194571668
12.231313563342082
12.305442805188592
12.379487595114101
12.453444662265792
12.527310788419431
12.601082806515736
12.6747575992468
12.748332097690827
12.821803279993413
12.895168170093646
12.9684238364934
13.041567391068298
13.114595987918745
13.18750682225969
13.260297129347578
13.332964183443304
13.405505296809743
13.477917818742684
13.550199134633932
13.622346665065415
13.694357864933288
13.766230222600779
13.837961259078938
13.909548527234165
13.980989611021684
14.052282124743884
14.123423712332842
14.194412046656021
14.26524482884442
14.335919787642315
14.406434678777961
14.47678728435436
14.54697541225951
14.616996895595472
14.686849592125503
14.756531383738736
14.826040175931753
14.89537389730646
14.964530499083759
15.033507954632443
15.102304259012785
15.170917428534342
15.239345500327529
15.307586531928429
15.37563860087641
15.443499804324196
15.511168258659893
15.578642099140572
15.645919479537087
15.712998571789727
15.779877565674317
15.846554668478447
15.913028104687532
15.979296115680299
16.045356959433505
16.11120891023545
16.176850258408134
16.24227931003772
16.30749438671297
16.372493825271548
16.437275977553814
16.501839210163897
16.56618190423788
16.630302455218736
16.694199272638013
16.757870779903797
16.821315414094983
16.884531625761518
16.94751787873049
17.01027264991784
17.07279442914564
17.135081718964503
17.197133034481322
17.258946903191834
17.320521864818154
17.381856471150847
17.442949285895704
17.503798884524738
17.564403854131587
17.624762793291026
17.684874311922453
17.74473703115728
17.804349583210165
17.863710611253804
17.922818769297383
17.98167272206839
18.04027114489785
18.098612723608763
18.156696154407694
18.214520143779446
18.272083408384727
18.329384674960608
18.386422680223905
18.443196170777156
18.49970390301737
