5.800000000000001
5.808230891821385
5.832829837076358
5.873519633266343
5.929851163064463
6.001221374053442
6.0868959942620915
6.186035031853892
6.297719123326138
6.420975040896406
6.5547990616078184
6.698177346937472
6.850102906421865
7.0095890723408285
7.175679672395169
7.3474562528672305
7.524042788966906
7.704608341116528
7.8883680956440845
8.074583182972848
8.262559609211332
8.45164657731372
8.641234417478628
8.830752296306287
9.01966583170928
9.207474705756127
9.393710339931902
9.577933675813332
9.759733087865445
9.938722442994422
10.114539312758492
10.286843337995522
10.45531474145439
10.619652981320012
10.779575536908538
10.934816816977573
11.08512718081618
11.230272062378349
11.37003118807353
11.504197879335273
11.632578431687142
11.754991562665841
11.871267921612716
11.981249654984248
12.084790021445702
12.181753051591507
12.272013247676794
12.355455319245076
12.431973950997815
12.501473599674174
12.563868317095721
12.619081596884632
12.667046242687466
12.707704256033718
12.741006742231749
12.766913832957957
12.785394624430747
12.796427130282385
12.799998248451484
12.796103741619914
12.78474823091246
12.765945202768473
12.739717029084503
12.706095000917912
12.665119376236246
12.616839442398474
12.5613135942644
12.498609429050498
12.428803859286987
12.351983245484865
12.268243550396138
12.177690517048536
12.080439873060879
11.976617564100426
11.86636001973132
11.749814455327666
11.627139214187029
11.498504154482557
11.364091086234493
11.224094264062762
11.078720942097336
10.92819199806327
10.772742634208644
10.612623163383319
10.448099889171768
10.279456089485292
10.106993113360335
9.931031600794807
9.751912835154483
9.570000236821139
9.385681005100617
9.199367912656808
9.011501252491593
8.822550931249163
8.633018693762265
8.44344045152159
8.254388671255201
8.066474758069704
7.880351339619026
7.696714322625526
7.516304550214726
7.339908838064841
7.1683601106491395
7.002536299083705
6.843357605200903
6.691781691869129
6.5487963407464855
6.415409142979145
6.2926338757165565
6.181473386757089
6.082899073731837
5.997827401494532
5.927094328282091
5.871428956844439
5.831428114224784
5.807533801824476
5.800015461918543
5.8089587291173395
5.834261785162642
5.875639689206053
5.932636242007563
6.004642208717578
6.0909181963068795
6.1906202290546695
6.302826092883487
6.426560773849533
6.560819712149543
6.704589039732754
6.856862392075566
7.016654234430418
7.183009898553817
7.355012687610406
7.531788488052243
7.712508347088772
7.896389452660502
8.082694906691342
8.270732624935782
8.459853637045732
8.64945000420606
8.838952521854866
9.027828332818029
9.215578541695784
9.401735893933322
9.585862561766632
9.767548063147082
9.946407327837761
10.122078916268444
10.294223390690389
10.46252183407366
10.626674509547106
10.786399651607061
10.94143237951757
11.091523723064324
11.23643975093678
11.375960792371277
11.509880743200764
11.638006448057281
11.760157151115465
11.876164008416264
11.985869655448644
12.089127824279347
12.185803005098483
12.275770147587988
12.358914398018568
12.435130868440117
12.504324434751247
12.566409560818773
12.621310146170241
12.668959395105043
12.709299705365561
12.742282574782386
12.767868524559969
12.786027038104136
12.796736514513906
12.79998423606919
12.795766349246707
12.78408785899077
12.764962636156456
12.738413438232309
12.704471943640963
12.66317880011102
12.614583687815209
12.558745398180434
12.495731929497945
12.425620600699038
12.34849818491645
12.264461064727088
12.173615411270863
12.076077389766581
11.971973394302227
11.861440315166483
11.74462584241416
11.621688809822267
11.492799583897636
11.358140503141222
11.217906373356758
11.072305025407788
10.921557942468036
10.765900964461512
10.605585078027314
10.440877300936396
10.27206167038438
10.099440344916873
9.923334829815316
9.744087335451187
9.562062277226996
9.377647924028242
9.191258199302618
9.00333463456147
8.814348468757329
8.624802878000839
8.435235307678811
8.24621986233457
8.058369686686655
7.8723392428832595
7.688826353622513
7.508573837566741
7.332370512708944
7.161051286411499
6.995495991051064
6.8366265676207325
6.685402155847786
6.542811632036344
6.409863162477337
6.2875704308142915
6.176935371107233
6.078927506629867
5.994460355385027
5.924365792291091
5.869367702861645
5.830056646135706
5.806867474041671
5.800061847341662
5.80971729814655
5.835723928346533
5.877789081197277
5.935449510016944
6.008089840769946
6.09496560767343
6.195228900828033
6.307954703523444
6.432166259425348
6.566858209927048
6.711016689008447
6.863635983063091
7.023731709094772
7.190350716179952
7.362578072948398
7.539541581862874
7.7204142786978505
7.90441535252876
8.090809874672802
8.278907667306354
8.468061582844996
8.657665409129077
8.847151565941019
9.035988716533046
9.22367938367488
9.409757632612637
9.59378686233379
9.775357730645812
9.954086226826059
10.129611897119705
10.301596222412886
10.469721143382376
10.63368772583387
10.793214957406185
10.948038666042919
11.097910550392065
11.242597312419143
11.38187988288634
11.515552730867723
11.643423249074095
11.765311207403782
11.88104826778668
11.990477554026501
12.093453270956974
12.1898403678041
12.279514241183767
12.362360473661221
12.43827460425625
12.507161927697231
12.568937319610708
12.623525085184253
12.670858829161393
12.71088134532241
12.743544523876325
12.768809275440962
12.786645470522403
12.797031893625476
12.799956211335797
12.795414953914193
12.783413510138464
12.763966135318254
12.737095972598398
12.702835087857473
12.661224518703495
12.612314338270682
12.55616373473225
12.492841107667509
12.422424182659189
12.345000145752786
12.260665799685865
12.169527744095769
12.07170258224141
11.967317157132648
11.856508820351765
11.739425737279069
11.61622723290026
11.487084182879334
11.352179455126517
11.211708407675028
11.065879449297947
10.914914669938417
10.759050548677541
10.598538747602
10.433647000522456
10.264660105985337
10.091881034343636
9.915632158710235
9.73625661927621
9.554119829557832
9.369611131400394
9.18314560270257
8.9951660174275
8.806144951024908
8.616587015266967
8.427031193932049
8.23805323386195
8.050268023681113
7.864331863893351
7.680944496276674
7.500850716957104
7.324841346464712
7.1537532729281175
6.988468224768366
6.829909872997244
6.679038820265236
6.536845017972055
6.4043371817341
6.282528869269903
6.172421062055084
6.074981364586876
5.99112029969222
5.921665609254534
5.867335913691101
5.828715461725262
5.806231922736103
5.800139155271853
5.810506582693759
5.837216235883951
5.879967765231969
5.938290911538155
6.011564205124764
6.099038155893969
6.199860969457951
6.313104874278586
6.437791415179934
6.572914472524218
6.717460213593338
6.870423600395969
7.030821420211401
7.1977020524796185
7.37015233969524
7.547302004954143
7.728326074261575
7.912445737267509
8.098928032516923
8.28708468534548
8.476270366975367
8.66588058756022
8.855349386730438
9.044146943680937
9.231777194996091
9.417775521573835
9.601706545256969
9.783162060091176
9.961759111537962
10.13713822861397
10.308961808073484
10.47691264579656
10.640692608008992
10.800021433463872
10.954635656966197
11.104287644399864
11.248744729554277
11.387788443422878
11.521213827168479
11.648828820556172
11.770453718298436
11.885920687407731
11.99507333928855
12.097766350910558
12.19386512997888
12.283245519553263
12.36579353806329
12.441405151122341
12.509986071960858
12.57145158768144
12.62572640888798
12.67274454056097
12.712449172345002
12.744792586685023
12.769736083498794
12.78724992030662
12.797313266959309
12.799914174313692
12.79504955640503
12.782725185859626
12.762955702481632
12.735764635137588
12.70118443725386
12.659256536437466
12.610031398933145
12.55356860984109
12.489936970243466
12.419214612626503
12.341489136241288
12.256857764323865
12.165427525396522
12.067315461200922
11.962648864172714
11.85156554775997
11.734214153316737
11.610754497770538
11.481357966770338
11.346207958569014
11.205500384480283
11.059444232368726
10.908262200274251
10.752191407923542
10.59148419451726
10.426409011767886
10.257251421648773
10.084315208628993
9.90792361621197
9.728420717234126
9.546172926430835
9.361570661999844
9.17503015997024
8.986995440710693
8.797940420366698
8.608371150762396
8.418828158565535
8.22988883739549
8.04216982406345
7.856329261264705
7.673068812919732
7.4931352544830405
7.3173214091565155
7.146466143594398
6.981453076893565
6.823207600752822
6.672691766583176
6.530896581069794
6.398831283053208
6.277509271621561
6.167930536555397
6.07106071894645
5.987807298002482
5.918993832864164
5.865333631154623
5.827404589295702
5.805627161517822
5.800247384046697
5.811326565895529
5.83873867642623
5.882175696763555
5.941160390560527
6.015065236331536
6.10313576822976
6.204516357047515
6.318276524082591
6.4434361586414575
6.5789884175557205
6.723919532393256
6.877225165197452
7.037923291793872
7.2050638348105505
7.377735418825189
7.555069692044651
7.7362436722598575
7.920480549053384
8.107049325975174
8.295263628219903
8.484479941836799
8.67409549493967
8.863545942508031
9.052302975199328
9.23987193906532
9.425789526516825
9.609621578367472
9.790961021295619
9.969425953629292
10.144657884124928
10.316320122649936
10.484096317795286
10.647689133960398
10.80681905899392
10.961223332752771
11.110654986738263
11.254881985118658
11.393686457830551
11.526864016978918
11.654223148363934
11.775584670607424
11.890781255002189
11.999656999843362
12.102067053608865
12.197877281929209
12.286963973820663
12.369213583149381
12.444522501748246
12.51279686102407
12.573952359273628
12.62791411227509
12.674616525040262
12.714003182905838
12.746026760411496
12.770648946662698
12.78784038610912
12.797580633888831
12.799858125096451
12.794670157533076
12.782022887689624
12.761931339905766
12.734419428836283
12.69951999554835
12.657274857768808
12.607734875003297
12.55096002946103
12.487019523943406
12.415991898093882
12.33796516466386
12.253036967727711
12.161314765082452
12.062916037397658
11.957968527041507
11.846610509903156
11.728991103962148
11.605270618824843
11.475620950957302
11.340226029893277
11.199282321283398
11.052999393271678
10.901600553328796
10.745323563322854
10.584421441243014
10.419163358574542
10.249835642803555
10.07674289483437
9.900209231131297
9.720579660013703
9.538221600553769
9.353526550706833
9.166911908324082
8.978822944144836
8.789734919218514
8.60015532981835
8.410626250001423
8.221726724639353
8.03407514299727
7.848331493771794
7.66519936604607
7.485427516404761
7.309810770767638
7.1391899719547025
6.974450624216229
6.81651983041498
6.666361076331368
6.524966403864857
6.393345548696145
6.272511718291619
6.163463871363081
6.067165640761035
5.9845214135172355
5.916350516336669
5.86336089651959
5.826124056533155
5.8050532033427
5.800386531339004
5.812177230241619
5.840291218022561
5.8844128307102235
5.944057890621027
6.018592868579106
6.107258371675117
6.209194985522678
6.323469571773525
6.449100407312978
6.58507996266926
6.730394564392861
6.884040598703758
7.045037247992664
7.212435990682682
7.385327241472987
7.562844578016282
7.744167011334592
7.928519730220722
8.115173700950482
8.303444445240313
8.492690259965004
8.682310086834889
8.871741191677561
9.060456772136533
9.247963579391392
9.433799613237131
9.617531929585441
9.79875458415419
9.977086724832795
10.152170837098025
10.323671141187086
10.491272135920509
10.654677281635111
10.813607813265829
10.967801673920675
11.117012559107753
11.261009061936292
11.399573910004383
11.532503285218409
11.659606218399611
11.780704051179006
11.895629958331778
12.004228524337277
12.106355368557375
12.201876813997298
12.290669595145168
12.372620600878419
12.44762664887752
12.515594288401973
12.576439628662651
12.630088190371596
12.676474778367773
12.715543373509176
12.7472470422903
12.771547862893303
12.788416866613519
12.797833993818676
12.79978806380885
12.794276758143438
12.781306617195145
12.760893049881263
12.733060356712496
12.697841766491003
12.655279487185517
12.60542477171427
12.548337999579003
12.484088775518249
12.41275604658812
12.334428239336926
12.24920341901927
12.15718947309897
12.058504321621202
11.953276157396227
11.84164371933274
11.723756602691017
11.599775610497188
11.469873150870912
11.33423368556988
11.193054235643476
11.046544950709091
10.894929749008861
10.738447036055522
10.577350510309383
10.411910064908405
10.24241279494702
10.06916412009448
9.892489032357588
9.712733478388163
9.530265884725225
9.345478832499369
9.158790885087779
8.970648567576841
8.781528490137571
8.591939597895914
8.402425516800145
8.213566947444027
8.02598403579972
7.840338620348349
7.65733621831278
7.477727569145404
7.302309501439962
7.131924831701786
6.967460943656547
6.809846641614998
6.66004683110577
6.519054568909278
6.387880060879187
6.267536289583178
6.159021143029389
6.0632962007878675
5.9812627090489165
5.91373571240996
5.861417750495853
5.8248738905054624
5.804510060511387
5.800556594156994
5.813058557576369
5.841873828122461
5.8866791214582435
5.9469833548080775
6.022147035699727
6.11140589296141
6.213896776635995
6.328683936097171
6.454784078675203
6.591189025547815
6.736885228657299
6.89086982226533
7.052163213096
7.219818447758637
7.392927738934074
7.570626597914205
7.752096030289513
7.936563223261372
8.123301103496958
8.311627085861009
8.50090127403108
8.690524318940257
8.879935092761281
9.068608295651199
9.256052079585698
9.441805747625603
9.625437566919594
9.806542718644327
9.98474139695793
10.15967706105027
10.331014838796676
10.498440076776886
10.661657029039086
10.820387675604655
10.974370661040473
11.12336034325867
11.267125942878636
11.405450783884726
11.538131616849721
11.66497801660713
11.785811846901675
11.90046678519711
12.008787901454351
12.110631285298275
12.205863716561133
12.294362374720965
12.376014583243604
12.450717585287416
12.518378347642843
12.578913390156599
12.63224863823583
12.67831929634401
12.71706974069101
12.74845342958752
12.772432830182606
12.788979360534698
12.798073346184689
12.799703990606847
12.793869359112435
12.780576375974158
12.75984083473016
12.731687421815836
12.696149753863706
12.653270429207705
12.603101094331679
12.545702526214816
12.481144731752261
12.409507065669924
12.330878368611456
12.245357127355698
12.153051659427609
12.054080324698212
11.94857176693224
11.836665188639518
11.718510663019838
11.59426948726394
11.464114581985962
11.328230942115512
11.186816145167978
11.040080923434118
10.888249807274939
10.731561847358412
10.570271424306846
10.404649154799735
10.234982903645163
10.061578911617538
9.88476304885906
9.704882203215439
9.522305811834935
9.337427542453547
9.150667127690568
8.962472350967099
8.773321175802842
8.583724000586397
8.394226007660777
8.205409557806647
8.01789655794176
7.832350700087573
7.649479432539793
7.470035479290934
7.294817671473684
7.124670796676162
6.960484112264396
6.80318811408653
6.653749112566649
6.51316115876939
6.3824349017704245
6.262583065676637
6.154602427898057
6.059452469484931
5.978031247016957
5.911149473339491
5.859504233232684
5.823654117660045
5.803997744668309
5.8007575688445385
5.813970529100167
5.843486473578306
5.888974522865283
5.9499367257654185
6.02572767117312
6.115578258561052
6.218621651970322
6.333919535710268
6.4604870901892815
6.597315523911855
6.74339144433393
6.897712757348035
7.05930111153065
7.227211133854206
7.400536842664783
7.578415686946902
7.760030668090059
7.944610970824411
8.131431479819556
8.319811499679558
8.509112936841136
8.698738147076702
8.88812760439959
9.076757507011978
9.264137403361913
9.449807895668075
9.63333845846693
9.814325394825538
9.992389941890604
10.167176529570002
10.338351190657166
10.505600117031609
10.668628354237065
10.827158625390878
10.980930274735156
11.129698320991084
11.273232610864493
11.411317063457135
11.54374899687895
11.670338528972067
11.790908044704082
11.905291723437646
12.013335119916325
12.114894793410397
12.209837980034449
12.298042303777196
12.379395522272413
12.45379530378883
12.521149032328088
12.58137363809625
12.634395450958433
12.680150074801471
12.718582281019062
12.749645919600773
12.773303846553977
12.789527866618801
12.798298690453914
12.799605905677614
12.793447961347615
12.779832165655963
12.758774696805931
12.730300627227537
12.694443961480202
12.65124768838762
12.600763848153608
12.543053615421169
12.478187399463087
12.406244962933924
12.327315560873007
12.241498101929464
12.148901334086064
12.049644057492467
11.943855367383115
11.831674930453731
11.713253298505933
11.588752263643876
11.458345259821453
11.322217816093056
11.180568067512796
11.033607330250891
10.881560748141316
10.724668018525385
10.563184205886396
10.397380652343264
10.22754599453282
10.053987296685465
9.877031309683025
9.697025865438457
9.514341414864045
9.329372715743856
9.142540673667567
8.954294334389829
8.765113019015413
8.575508583611704
8.386027771421396
8.197254607871372
8.009812765048444
7.8243677922423425
7.641629071709908
7.462351313590064
7.287335351326964
7.117427940865513
6.953520207218349
6.796544327664173
6.647468002436668
6.507286256023399
6.377010153486791
6.257652126626194
6.150207802101441
6.055634517006884
5.974827089443766
5.908591850894574
5.857620384315751
5.822464763821815
5.803516266800739
5.80098945108147
5.814913125370959
5.845129120647873
5.891298988263789
5.952917945695989
6.029334708130563
6.119775394691521
6.22336953294252
6.339176289183798
6.466209359299505
6.603459375521517
6.749913130653984
6.904569325534379
7.06645086786275
7.234613976938816
7.408154484282586
7.586211780486169
7.767970863863249
7.952662915715944
8.139564776273792
8.327997636436445
8.51732520133596
8.70695152719132
8.896318685350654
9.084904367597165
9.272219514535625
9.45780602344511
9.64123457241246
9.822102582839225
10.00003233159298
10.174669216316698
10.345680172013525
10.512752233414236
10.675591235352426
10.833920642060267
10.987480495680014
11.13602647415469
11.27932904885991
11.4171727327523
11.549355410355442
11.675687741521587
11.795992631554961
11.910104760931626
12.017870168482562
12.119145882509176
12.213799594866696
12.301709373577928
12.382763410026547
12.456859797226294
12.523906336072228
12.583820366855052
12.636528623662343
12.681967109604633
12.720080991092782
12.750824509659187
12.774160910062147
12.790062383643239
12.798510026124609
12.7994938092395
12.793012565787762
12.779073987901159
12.757694638493495
12.728899976060458
12.69272439318609
12.649211269309657
12.598413038510644
12.54039127328367
12.475216785501773
12.402969746008717
12.32373982454174
12.237626351968398
12.144738507128235
