2.6000000000000005
2.601374360072191
2.605492933177901
2.6123422690219886
2.621900184623406
2.6341361066043834
2.6490115330422914
2.6664805988719715
2.6864907260166455
2.7089833377002526
2.733894615769095
2.761156280256499
2.7906963717217717
2.8224400188978187
2.856310176680398
2.892228322274775
2.930115100187556
2.9698909095472277
3.0114764298277
3.054793083345059
3.0997634348455123
3.146311530081775
3.194363176490484
3.243846169959305
3.2946904722456845
3.346828343923619
3.400194437836383
3.4547258579668685
3.5103621884445717
3.5670454971259185
3.6247203178439413
3.6833336150494334
3.742834734179331
3.8031753407040916
3.864309350435833
3.926192853330421
3.988784032694626
4.052043081416288
4.115932116572382
4.180415093536318
4.245457720500909
4.311027374155038
4.377093017098484
4.443625117447864
4.510595570975377
4.577977626028302
4.64574581139913
4.713875867251643
4.782344679155429
4.851130215238463
4.92021146643318
4.989568389764434
5.05918185460687
5.129033591823398
5.199106145684891
5.269382828463233
5.339847677584553
5.41048541522665
5.481281410243623
5.552221642301179
5.623292668107733
5.694481589629042
5.765776024177249
5.837164076269055
5.908634311151714
5.980175729899998
6.051777745991561
6.123430163272787
6.195123155231572
6.266847245497984
6.338593289498081
6.410352457190301
6.482116216818023
6.5538763196156475
6.62562478540947
6.697353889057933
6.76905614767953
6.8407243086195395
6.912351338110019
6.983930410580267
7.055454898577632
7.1269183632611925
7.198314545433079
7.2696373570746005
7.340880873356299
7.412039325093122
7.4831070916177875
7.55407869404692
7.624948788916507
7.69571216216436
7.766363723439014
7.836898500715547
7.9073116352002355
7.977598376506999
8.047754078089703
8.117774192915396
8.18765426936452
8.257389947344912
8.326976954607437
8.396411103251564
8.46568828641023
8.534804475103751
8.603755715253335
8.672538124845206
8.741147891237
8.809581268598558
8.877834575479651
8.945904192497807
9.01378656013957
9.081478176669176
9.14897559613872
9.216275426494555
9.28337432777462
9.35026901039203
9.416956233500283
9.483432803435907
9.54969557223441
9.615741436215826
9.681567334636236
9.747170248401893
9.812547198842791
9.877695246542599
9.942611490222205
10.007293065674148
10.071737144745407
10.135940934366158
10.199901675622215
10.26361664286907
10.327083142885467
10.390298514064556
10.453260125640925
10.515965376951707
10.578411696730136
10.640596542430073
10.702517399579962
10.764171781164977
10.8255572270358
10.886671303343098
10.947511601996236
11.00807574014531
11.068361359685317
11.12836612678151
11.188087731414964
11.247523886947455
11.306672329704742
11.365530818577497
11.424097134639043
11.482369080779227
11.540344481353607
11.598021181847358
11.655397048553324
11.71246996826344
11.769237847973057
11.82569861459759
11.881850214700943
11.937690614235299
11.99321779829161
12.048429770860524
12.103324554603192
12.15790019063161
12.212154738298025
12.266086274993109
12.319692895952482
12.372972714071217
12.42592385972611
12.478544480605269
12.530832741544781
12.58278682437219
12.634404927756425
12.685685267064057
12.736626074221505
12.787225597582953
12.837482101803865
12.887393867719735
12.936959192229999
12.986176388186747
13.035043784288186
13.083559724976578
13.131722570340541
13.179530696021473
13.226982493123977
13.274076368130128
13.320810742817443
13.367184054180347
13.413194754355091
13.458841310547909
13.504122204966325
13.549035934753482
13.593581011925384
13.637755963310896
13.681559330494478
13.724989669761413
13.768045552045603
13.81072556287968
13.85302830234746
13.89495238503851
13.936496440004916
13.977659110720051
14.01843905503927
14.058834945162506
14.09884546759867
14.138469323131766
14.177705226788689
14.216551907808594
14.255008109613833
14.293072589782351
14.330744120021476
14.368021486143123
14.404903488040238
14.441388939664575
14.477476669005576
14.513165518070503
14.548454342865616
14.583342013378457
14.617827413561097
14.651909441314416
14.685587008473297
14.718859040792728
14.751724477934731
14.78418227345617
14.816231394797294
14.847870823271087
14.879099554053294
14.909916596173174
14.94032097250488
14.970311719759511
14.999887888477739
15.029048543023011
15.05779276157532
15.08611963612548
15.114028272469914
15.141517790205922
15.168587322727369
15.195236017220841
15.221463034662213
15.247267549813548
15.272648751220444
15.29760584120966
15.32213803588713
15.346244565136232
15.369924672616417
15.393177615762045
15.416002665781548
15.438399107656787
15.46036624014268
15.48190337576702
15.503009840830503
15.523684975406947
15.543928133343693
15.56373868226214
15.583116003558478
15.602059492404509
15.62056855774863
15.638642622316913
15.656281122614311
15.673483508925923
15.69024924531839
15.70657780964133
15.722468693528858
15.73792140240115
15.752935455466087
15.767510385720884
15.781645739953827
15.795341078745954
15.80859597647283
15.821410021306274
15.833782815216122
15.845713973971986
15.857203127145
15.868249918109552
15.878854004044987
15.889015055937314
15.898732758580845
15.908006810579845
15.916836924350083
15.925222826120395
15.933164255934184
15.940660967650837
15.94771272894713
15.954319321318541
15.960480540080523
15.966196194369704
15.971466107145009
15.976290115188721
15.98066806910747
15.98459983333314
15.9880852861237
15.991124319563967
15.993716839566256
15.995862765870983
15.99756203204717
15.998814585492855
15.999620387435431
15.999979412931888
15.999891650868975
15.999357103963264
15.99837578876114
15.996947735638695
15.995072988801526
15.992751606284473
15.989983659951235
15.986769235493927
15.983108432432536
15.979001364114312
15.974448157713054
15.969448954228334
15.96400390848462
15.958113189130366
15.951776978636959
15.94499547329766
15.937768883226438
15.93009743235674
15.921981358440219
15.913420913045357
15.904416361556088
15.894967983170305
15.885076070898382
15.874740931561586
15.86396288579048
15.852742268023315
15.841079426504315
15.828974723282007
15.816428534207498
15.80344124893272
15.790013270908686
15.776145017383756
15.761836919401848
15.747089421800712
15.731902983210192
15.716278076050504
15.700215186530565
15.683714814646343
15.666777474179241
15.649403692694564
15.631594011540018
15.61334898584429
15.594669184515704
15.575555190240987
15.556007599484097
15.536027022485193
15.5156140832597
15.494769419597528
15.473493683062431
15.451787538991487
15.429651666494804
15.407086758455353
15.384093521529028
15.360672676144898
15.336824956505689
15.31255111058849
15.28785190014574
15.262728100706429
15.237180501577663
15.211209905846447
15.184817130381843
15.158003005837456
15.130768376654242
15.103114101063746
15.075041051091702
15.046550112562052
15.017642185101408
14.98831818214399
14.95857903093702
14.928425672546659
14.897859061864432
14.866880167614276
14.835489972360119
14.803689472514096
14.771479678345395
14.738861613989815
14.705836317459983
14.672404840656311
14.638568249378748
14.604327623339328
14.569684056175527
14.534638655464539
14.49919254273842
14.463346853500235
14.427102737241153
14.390461357458618
14.35342389167554
14.315991531460703
14.278165482450266
14.239946964370528
14.20133721106195
14.16233747050452
14.12294900484448
14.083173090422507
14.043011017803396
14.002464091807282
13.961533631542505
13.920220970440148
13.87852745629036
13.836454451280494
13.794003332035128
13.751175489658104
13.707972329776624
13.664395272587461
13.620445752905466
13.57612522021429
13.531435138719663
13.48637698740508
13.440952260090135
13.395162465491609
13.349009127287342
13.302493784183088
13.25561798998243
13.208383313659867
13.160791339437255
13.112843666863675
13.064541910898924
13.015887702000729
12.966882686215868
12.91752852527535
12.867826896693817
12.817779493873322
12.767388026211743
12.71665421921589
12.665579814619631
12.614166570507148
12.56241626144163
12.510330678599534
12.457911629910686
12.405160940204519
12.352080451362616
12.298672022477879
12.244937530020605
12.19087886801174
12.136497948203631
12.081796700268603
12.026777071995667
11.97144102949577
11.915790557415882
11.859827659162372
11.803554357133995
11.746972692965075
11.69008472777909
11.632892542453336
11.575398237895058
11.517603935329577
11.459511776600962
11.401123924485786
11.342442563020564
11.283469897843569
11.224208156551535
11.164659589072087
11.104826468052469
11.044711089265487
10.98431577203334
10.923642859670222
10.862694719944589
10.801473745562008
10.739982354669571
10.678222991382874
10.616198126336698
10.553910257260494
10.491361909579892
10.428555637045493
10.36549402239029
10.30217967801715
10.238615246717782
10.174803402424846
10.110746850998815
10.046448331051328
9.98191061480694
9.917136509005175
9.85212885584497
9.786890533973716
9.721424459523158
9.655733587194662
9.589820911396393
9.523689467435176
9.457342332765917
9.39078262830167
9.324013519787647
9.257038219242554
9.189859986470967
9.122482130650633
9.054908011998792
8.987141043521925
8.919184692853552
8.851042484185017
8.782718000294517
8.71421488467992
8.645536843801322
8.576687649439595
8.50767114117767
8.438491229011646
8.369151896099307
8.299657201654146
8.230011283993461
8.16021836374968
8.09028274725468
8.020208830107514
7.950001100936575
7.879664145368069
7.809202650213368
7.738621407888695
7.667925321081521
7.597119407678919
7.526208805974299
7.4551987801699315
7.3840947261939
7.312902177851418
7.241626813331758
7.170274462093475
7.0988511121522695
7.027362917797327
6.955816207763931
6.8842174938918435
6.812573480301168
6.7408910731194
6.669177390795783
6.597439775041457
6.5256858024365725
6.453923296748185
6.38216034200582
6.310405296384595
6.238666806949098
6.1669538253146765
6.095275624286419
6.023641815539894
5.9520623684117435
5.880547629872235
5.809108345756246
5.737755683333485
5.666501255303151
5.595357145302905
5.5243359350262455
5.453450733047071
5.382715205454215
5.312143608402877
5.2417508226933
5.171552390490139
5.101564554298132
5.031804298310963
4.962289392250088
4.893038437808693
4.824070917812087
4.755407248199767
4.6870688329248305
4.619078121853433
4.551458671729214
4.484235210244455
4.417433703230047
4.351081424938921
4.28520703135094
4.219840636370104
4.155013890715217
4.090760063221246
4.027114124168175
3.9641128301352557
3.901794809738665
3.840200649447501
3.779372978484472
3.7193565516016833
3.660198328276878
3.6019475466004787
3.5446557898193136
3.4883770431696335
3.433167738274686
3.3790867820052104
3.3261955663149543
3.2745579551796165
3.2242402444042138
3.175311089742619
3.127841398521955
3.081904179816985
3.0375743482138446
2.9949284763824586
2.954044492087453
2.91500131595474
2.8778784373164585
2.842755426813328
2.809711386158114
2.778824337552668
2.7501705576709665
2.72382386380478
2.699854862611784
2.678330174764513
2.659311651494102
2.6428556013524322
2.6290120472663476
2.6178240349250204
2.609327013555611
2.6035483090889517
2.600506707558713
2.6002121633666415
2.6026656429298636
2.607859109436138
2.6157756492686963
2.6263897354609944
2.6396676186445722
2.65556783166993
2.6740417906600324
2.69503447286453
2.7184851503928504
2.7443281586969417
2.772493679450275
2.8029085190685574
2.8354968663408484
2.8701810152748237
2.9068820420993693
2.9455204282278897
2.9860166237137435
3.0282915482131765
3.0722670286342044
3.1178661744543232
3.1650136931239152
3.2136361490509113
3.2636621704142885
3.315022608520273
3.367650654640318
3.4214819193003914
3.476454478870488
3.5325088940713223
3.5895882047064673
3.6476379045717864
3.706605900113051
3.766442456015679
3.827100130530754
3.8885337029793603
3.950700095538482
4.013558291100905
4.0770692487201465
4.141195817900004
4.205902652766301
4.2711561269641365
4.336924249955421
4.403176585247078
4.469884170956802
4.537019443019356
4.6045561612487935
4.672469338399806
4.740735172311239
4.809330981166526
4.878235141866107
4.947427031475996
5.016886971691907
5.086596176239735
5.156536701119096
5.2266913975864675
5.297043867767729
5.367578422785558
5.438280043285046
5.509134342240662
5.580127529928419
5.651246380949553
5.722478203194251
5.793810808638099
5.865232485867265
5.936731974233051
6.008298439540354
6.079921451179609
6.151590960615722
6.223297281152483
6.295031068894877
6.366783304836416
6.438545278002426
6.510308569584497
6.582065038004817
6.6538068048533
6.725526241643212
6.797215957335025
6.868868786580711
6.9404777786442775
7.012036186956614
7.08353745926577
7.1549752283458
7.2263433032303155
7.29763566093826
7.368846438662287
7.439969926391229
7.5110005599407526
7.581932914367283
7.652761697742375
7.723481745265788
7.794088013697229
7.864575576087702
7.934939616792964
8.005175426752267
8.075278399017092
8.145244024515133
8.215067888036051
8.284745664426064
8.354273114979579
8.423646084016426
8.492860495634318
8.561912350626557
8.630797723555757
8.699512759974821
8.768053673787069
8.836416744737715
8.904598316029633
8.972594792056464
9.040402636246792
9.108018369013374
9.175438565801743
9.242659855232898
9.30967891733512
9.376492481860103
9.44309732667914
9.509490276254963
9.575668200185534
9.641628011815909
9.70736666691472
9.772881162412059
9.838168535195521
9.903225860961518
9.968050253119161
10.032638861743939
10.096988872578885
10.16109750608072
10.224962016508933
10.288579691055537
10.351947849013648
10.415063840982972
10.477925048110386
10.540528881363977
10.60287278083899
10.664954215094038
10.72677068051633
10.788319700714395
10.849598825937134
10.91060563251794
10.9713377223427
11.03179272234066
11.091968283997033
11.151862082886389
11.21147181822594
11.270795212447714
11.329830010788918
11.388573980899514
11.447024912466402
11.505180616853385
11.563038926756235
11.620597695872222
11.677854798583464
11.734808129653528
11.791455603936615
11.84779515609896
11.903824740351716
11.959542330195028
12.014945918172693
12.070033515636988
12.124803152523302
12.179252877134065
12.23338075593165
12.287184873339859
12.340663331553646
12.393814250356687
12.446635766946581
12.499126035767233
12.551283228348245
12.603105533150957
12.654591155420913
12.705738317046443
12.756545256423154
12.8070102283241
12.857131503775365
12.906907369936853
12.956336129988108
13.00541610301893
13.05414562392463
13.10252304330567
13.150546727371621
13.198215057849174
13.245526431894103
13.292479262006996
13.339071975952605
13.385303016682707
13.431170842262294
13.476673925798979
13.521810755375524
13.566579833985315
13.610979679470695
13.655008824464055
13.69866581633156
13.741949217119418
13.784857603502557
13.827389566735704
13.869543712606637
13.911318661391693
13.95271304781326
13.99372552099936
14.034354744445077
14.074599395975875
14.114458167712689
14.153929766038692
14.193012911567731
14.23170633911432
14.270008797665147
14.307919050352032
14.345435874426277
14.38255806123437
14.419284416194948
14.455613758777007
14.491544922479315
14.52707675481092
14.562208117272784
14.59693788534045
14.631264948447708
14.665188209971225
14.698706587216108
14.731819011402326
14.764524427652004
14.796821794977518
14.82871008627035
14.860188288290717
14.891255401657876
14.921910440841152
14.952152434151557
14.981980423734075
15.011393465560538
15.040390629423039
15.068970998927893
15.097133671490157
15.124877758328553
15.152202384460955
15.179106688700232
15.205589823650582
15.231650955704222
15.257289265038477
15.282503945613238
15.307294205168732
15.331659265223644
15.355598361073536
15.379110741789548
15.402195670217372
15.424852422976493
15.447080290459647
15.468878576832534
15.490246600033714
15.511183691774725
15.531689197540347
15.551762476589085
15.571402901953775
15.590609860442344
15.609382752638702
15.627720992903775
15.645624009376611
15.663091243975641
15.680122152399973
15.696716204130805
15.71287288243291
15.728591684356171
15.743872120737166
15.758713716200813
15.773116009162042
15.787078551827511
15.800600910197332
15.81368266406682
15.826323407028227
15.838522746472528
15.85028030359115
15.861595713377731
15.872468624629828
15.882898699950633
15.892885615750656
15.902429062249347
15.911528743476737
15.920184377274973
15.928395695299873
15.936162443022374
15.943484379729961
15.950361278528034
15.956792926341196
15.962779123914515
15.968319685814668
15.973414440431068
15.978063229976874
15.982265910489966
15.986022351833803
15.989332437698256
15.992196065600288
15.994613146884616
15.996583606724272
15.998107384121061
15.999184431905945
15.99981471673935
15.999998219111369
15.999734933341893
15.999024867580644
15.997868043807122
15.996264497830467
15.994214279289231
15.991717451651066
15.988774092212326
15.985384292097569
15.981548156259
15.97726580347582
15.972537366353476
15.967362991322862
15.961742838639408
15.955677082382126
15.949165910452567
15.942209524573698
15.934808140288714
15.926961986959801
15.91867130776682
15.909936359705918
15.90075741358812
15.89113475403784
15.881068679491337
15.870559502195157
15.859607548204515
15.848213157381627
15.83637668339405
15.824098493712954
15.811378969611404
15.798218506162616
15.784617512238198
15.770576410506395
15.75609563743035
15.74117564326633
15.725816892062033
15.710019861654864
15.693785043670275
15.677112943520129
15.660004080401118
15.642458987293232
15.624478210958298
15.606062311938588
15.587211864555519
15.567927456908427
15.54820969087347
15.528059182102622
15.507476560022798
15.48646246783513
15.465017562514369
15.443142514808459
15.420838009238278
15.398104744097578
15.374943431453099
15.351354797144912
15.327339580787006
15.302898535768088
15.278032429252647
15.252742042182307
15.22702816927747
15.20089161903925
15.174333213751746
15.147353789484669
15.1199541960963
15.09213529723688
15.063897970352357
15.035243106688597
15.006171611296015
14.976684403034694
14.94678241457999
14.916466592428657
14.885737896905518
14.854597302170708
14.823045796227499
14.791084380930783
14.758714071996176
14.725935899009816
14.692750905438901
14.659160148642929
14.625164699885774
14.590765644348537
14.555964081143252
14.520761123327533
14.485157897920065
14.44915554591714
14.412755222310171
14.375958096104242
14.338765350337809
14.301178182103477
14.263197802570046
14.224825437005714
14.186062324802668
14.146909719502936
14.10736888882571
14.067441114696075
14.027127693275345
13.986429934992849
13.945349164579511
13.903886721103047
13.862043958005003
13.819822243139598
13.777222958814585
13.734247501834034
13.69089728354327
13.64717372987597
13.603078281403544
13.558612393386834
13.513777535830336
13.468575193538896
13.42300686617715
13.377074068331646
13.330778329575919
13.284121194538498
13.237104222974065
13.189728989837848
13.141997085363402
13.093910115143846
13.045469700216843
12.996677477153295
12.947535098150066
